"T","St","St_1"
1,3756.03,3756.03
2,3774.79,3756.03
3,3774.79,3774.79
4,3774.79,3774.79
5,3706.95,3774.79
6,3723.79,3706.95
7,3746.51,3723.79
8,3771.83,3746.51
9,3777.41,3771.83
10,3777.41,3777.41
11,3777.41,3777.41
12,3744.16,3777.41
13,3736.7,3744.16
14,3737.32,3736.7
15,3737.32,3737.32
16,3737.32,3737.32
17,3737.32,3737.32
18,3737.32,3737.32
19,3731.31,3737.32
20,3755.85,3731.31
21,3758.65,3755.85
22,3759.54,3758.65
23,3819.07,3759.54
24,3819.07,3819.07
25,3819.07,3819.07
26,3931.74,3819.07
27,3947.63,3931.74
28,3967.32,3947.63
29,3984.77,3967.32
30,3966.27,3984.77
