Date,Open,High,Low,Close,Adj Close,Volume
2018-09-01,6.540000,6.790000,3.530000,3.650000,3.650000,10539200
2018-10-01,3.740000,3.759000,2.150000,2.360000,2.360000,14818600
2018-11-01,2.370000,3.330000,1.650000,1.860000,1.860000,13473600
2018-12-01,1.930000,2.280000,1.290000,1.510000,1.510000,17282000
2019-01-01,1.510000,2.010000,1.500000,1.850000,1.850000,8099600
2019-02-01,1.830000,4.240000,1.760000,3.200000,3.200000,55811200
2019-03-01,3.200000,4.340000,2.850000,3.270000,3.270000,22812300
2019-04-01,3.370000,6.140000,3.362000,5.270000,5.270000,51817600
2019-05-01,5.360000,5.450000,3.060000,3.240000,3.240000,35386200
2019-06-01,3.170000,3.950000,2.410000,3.140000,3.140000,49624500
2019-07-01,2.900000,2.955000,1.820000,2.200000,2.200000,35862200
2019-08-01,2.180000,2.470000,1.760000,1.840000,1.840000,17878900
2019-09-01,1.920000,2.240000,1.700000,1.780000,1.780000,16654100
2019-10-01,1.840000,1.940000,1.500000,1.560000,1.560000,13231100
2019-11-01,1.550000,1.670000,1.280000,1.390000,1.390000,10710600
2019-12-01,1.340000,1.380000,1.110000,1.120000,1.120000,10265500
2020-01-01,1.140000,1.630000,1.130000,1.350000,1.350000,29374700
2020-02-01,1.360000,1.860000,1.120000,1.140000,1.140000,39732400
2020-03-01,1.160000,1.340000,0.511000,0.833000,0.833000,21922400
2020-04-01,0.830000,1.380000,0.760000,1.210000,1.210000,38662800
2020-05-01,1.180000,2.750000,1.030000,2.140000,2.140000,141471300
2020-06-01,2.140000,3.310000,2.040000,2.220000,2.220000,126082200
2020-07-01,2.210000,3.200000,2.060000,2.640000,2.640000,202790300
2020-08-01,2.900000,4.580000,2.750000,3.500000,3.500000,289732200
2020-09-01,3.520000,3.880000,2.350000,2.700000,2.700000,89094400
2020-10-01,2.710000,4.260000,2.500000,3.270000,3.270000,158101000
2020-11-01,3.260000,8.480000,3.140000,8.450000,8.450000,410445700
2020-12-01,8.170000,18.669001,7.800000,16.990000,16.990000,652032200
2021-01-01,18.799999,29.280001,15.350000,20.520000,20.520000,608975900
2021-02-01,20.170000,79.500000,18.690001,43.740002,43.740002,755871800
2021-03-01,49.040001,67.849998,34.250000,53.270000,53.270000,534693300
2021-04-01,54.750000,61.549999,33.369999,41.830002,41.830002,490554000
2021-05-01,42.880001,44.099998,20.680000,27.129999,27.129999,416737900
2021-06-01,27.100000,40.340000,25.290001,37.669998,37.669998,287249300
2021-07-01,37.230000,37.650002,23.930000,32.950001,32.950001,152151200
2021-08-01,32.919998,40.799999,30.790001,37.320000,37.320000,231946800
2021-09-01,37.439999,38.709999,24.820000,25.700001,25.700001,197105300
2021-10-01,27.200001,32.830002,24.350000,27.219999,27.219999,284629200
2021-11-01,27.315001,46.279999,27.010000,37.369999,37.369999,388615400
2021-12-01,38.610001,40.950001,21.709999,22.330000,22.330000,279462500
2022-01-01,22.450001,24.625000,12.900000,15.940000,15.940000,224895100
2022-02-01,16.559999,20.830000,13.630000,17.230000,17.230000,191821000
2022-03-01,18.190001,23.660000,13.570000,21.170000,21.170000,190346600
2022-04-01,20.600000,21.379999,10.110000,10.140000,10.140000,155150100
2022-05-01,10.090000,11.640000,5.970000,7.190000,7.190000,260537000
2022-06-01,7.200000,7.250000,4.120000,4.190000,4.190000,285324500
2022-07-01,4.240000,7.930000,4.020000,7.320000,7.320000,380356100
2022-08-01,7.130000,10.519000,6.590000,7.170000,7.170000,350426200
2022-09-01,6.960000,8.670000,5.922000,7.010000,7.010000,251541800
2022-10-01,7.070000,7.775000,5.380000,6.890000,6.890000,205126500
2022-11-01,7.110000,7.150000,3.910000,4.650000,4.650000,279383200
2022-12-01,4.680000,5.130000,3.250000,3.390000,3.390000,171695500
2023-01-01,3.490000,6.840000,3.300000,6.270000,6.270000,360985700
2023-02-01,6.240000,7.780000,5.180000,6.250000,6.250000,292155300
2023-03-01,6.380000,10.100000,5.160000,9.990000,9.990000,459157600
2023-04-01,9.810000,14.429000,8.760000,11.960000,11.960000,511974500
2023-05-01,11.600000,12.900000,10.200000,12.000000,12.000000,463880300
2023-06-01,11.790000,12.710000,9.417000,11.820000,11.820000,446824500
2023-07-01,11.920000,20.650000,11.861000,18.520000,18.520000,556594400
2023-08-01,18.129999,19.200001,10.060000,11.350000,11.350000,434912400
2023-09-01,11.390000,11.560000,10.755000,11.040000,11.040000,15497300
